318007
317974
317950
317947
317944
317928
317897
317877
317859
317844
317821
317812
317776
317767
317757
317693
317676
317641
317639
317626
317623
317617
317608
317607
317600
317599
317566
317557
317546
317514
317498
317487
317470
317468
317462
317431
317430
317408
317398
317383
317368
317351
317349
317331
317330
317325
317312
317301
317287
317280
317259
317255
317230
317186
317180
317136
317131
317126
317115
317114
317104
317097
317085
317084
317068
317060
317057
317056
317041
317036
317023
317013
316997
316983
316973
316966
316961
316960
316950
316946
316944
316941
316937
316936
316933
316925
316920
316893
316892
316888
316881
316880
316877
316869
316865
316863
316861
316860
316857
316854
316841
316835
316823
316819
316817
316809
316797
316792
316783
316780
316769
316764
316763
316761
316758
316733
316720
316717
316715
316708
316703
316691
316688
316684
316676
316674
316647
316646
316644
316632
316629
316625
316620
316609
316598
316597
316595
316591
316587
316586
316585
316578
316577
316572
316565
316562
316560
316554
316551
316545
316541
316497
316495
316480
316471
316470
316469
316460
316431
316424
316415
316411
316402
316400
316391
316381
316375
316335
316328
316322
316300
316295
316294
316283
316277
316275
316269
316242
316233
316228
316205
316189
316168
316163
316143
316142
316106
316101
316100
316092
316091
316056
316038
316011
316010
315997
315983
315955
315948
315903
315891
315880
315865
315859
315845
315792
315791
315780
315766
315764
315762
315754
315749
315738
315731
315712
315700
315681
315679
315661
315660
315642
315627
315620
315612
315588
315562
315529
315528
315501
315488
315472
315470
315468
315465
315422
315403
315392
315358
315349
315348
315333
315330
315321
315304
315280
315265
315261
315251
315248
315246
315244
315235
315225
315207
315191
315188
315187
315185
315178
315174
315163
315158
315144
315129
315124
315117
315114
315110
315109
315108
315106
315102
315098
315091
315089
315085
315084
315079
315077
315076
315074
315071
315069
315067
315063
315062
315061
315058
315057
315056
315043
315039
315034
315029
315025
315021
315016
315011
315007
315006
315005
315001
314999
314998
314997
314989
314961
314936
314863
314858
314847
314836
314743
314741
314700
314690
314602
314596
314525
314439
314281
314247
314243
314229
314213
283767
